p_start = [0.0200009997934103, 0.002001000102609396, 9.999999974752427e-07]
para_init = [0.01951158419251442, 0.0015115843852981925, 0.5079298615455627, -0.10438369959592819, -0.12238369882106781, 0.9846826195716858]
gt_path = E:/OneDrive - UC San Diego/UCSD/Lab/Catheter/diff_catheter/results\EXP001\D00_0011\images\000.png
learning_rate = 0.004
loss_history = [28.69142336285113, 16.675784916760083, 25.033497659455016, 17.099248888586658, 11.661613164414863, 14.077827171416676, 17.6105237062943, 15.936181426013844, 11.932899911835932, 10.841934438440274, 12.647289496595498, 14.250009354090912, 13.407844881416903, 11.190592168739839, 9.933534247659734, 10.630052787074943, 11.976514715349893, 12.099958256282985, 10.98955743603489, 10.036983575114975, 10.189552688064708, 10.923625225887843, 11.129261905283194, 10.577353271951528, 9.938232268234339, 9.857639355755751, 10.24203457729423, 10.482473699253413, 10.259314530966735, 9.83212193802157, 9.740326503445761, 10.022469528036282, 10.224800560619228, 10.058974278186527, 9.7922389039715, 9.761273971253143, 9.914147142033189, 9.972373931884098, 9.777344842255054, 9.539808182569272, 9.403540597121266, 9.492824756130622, 9.675362873283092, 9.60512206985582, 9.429742342484804, 9.355958760415437, 9.45638448055098, 9.474553751657153, 9.390635128031581, 9.343299606102946, 9.36315871134041, 9.390360804689763, 9.359201445558803, 9.359201445558803]
loss_contour_history = [10.893695808474202, 11.273814855586966, 10.861246401488874, 10.347434943386801, 10.776266077112952, 10.946919992186787, 10.84094275569105, 10.482838390923167, 10.202166916063524, 10.537861335586651, 10.670227434344898, 10.480562424346815, 10.202915523690452, 10.032054607650075, 9.908064654836942, 9.838437672880387, 9.91331529023913, 10.014513242104588, 10.03304977032624, 9.967966407607928, 9.905792017670784, 9.889328922615656, 9.863933554463317, 9.82689472278443, 9.788720541892497, 9.757047000908946, 9.725208444239353, 9.686951208973179, 9.67768942684582, 9.679009552565343, 9.728946914793765, 9.785577881705875, 9.79818279125681, 9.757792986003821, 9.733211171289447, 9.737732969304268, 9.726272097312377, 9.679357156730356, 9.572875028635876, 9.491707864720173, 9.38806904326265, 9.383872588270656, 9.508295469055893, 9.504434279202787, 9.419582104952804, 9.335688613361718, 9.359446459259772, 9.357822462699282, 9.33615096680552, 9.340765737986443, 9.339909047618079, 9.322359349048492, 9.297751553244366, 9.297751553244366]
loss_tip_distance_history = [5.932575851458976, 1.8006566870577054, 4.72408375265538, 2.2506046483999524, 0.2951156957673036, 1.043635726409963, 2.2565269835344166, 1.8177810116968924, 0.5769109985908031, 0.101357700951208, 0.6590206874168663, 1.2564823099146991, 1.0683097859088169, 0.3861791870299213, 0.008489864274264087, 0.2638717047315188, 0.687733141703588, 0.6951483380594655, 0.31883588856954964, 0.023005722502348797, 0.09458689013130805, 0.34476543442406266, 0.42177611693995887, 0.2501528497223658, 0.04983724211394762, 0.03353078494893522, 0.17227537768495935, 0.2651741634267445, 0.1938750347069719, 0.05103746181874213, 0.0037931962173321306, 0.0789638821101359, 0.1422059231208059, 0.10039376406090202, 0.01967591089401756, 0.007847000649625083, 0.06262501490693728, 0.09767225838458077, 0.06815660453972626, 0.01603343928303336, 0.005157184619538493, 0.036317389286655705, 0.05568913474239973, 0.03356259688434442, 0.0033867458439999884, 0.006756715684573127, 0.03231267376373636, 0.03891042965262346, 0.0181613870753541, 0.0008446227055007687, 0.007749887907443661, 0.02266715188042345, 0.02048329743814598, 0.02048329743814598]
