p_start = [0.0200009997934103, 0.002001000102609396, 9.999999974752427e-07]
para_init = [0.01951158419251442, 0.0015115843852981925, 0.5079298615455627, -0.10438369959592819, -0.12238369882106781, 0.9846826195716858]
gt_path = E:/OneDrive - UC San Diego/UCSD/Lab/Catheter/diff_catheter/results\EXP001\D00_0007\images\000.png
learning_rate = 0.004
loss_history = [119.17464186480537, 26.716422629803418, 21.180533567403977, 42.33922276742234, 47.654235920106785, 37.00140968067064, 24.713367566605825, 19.43076887882416, 19.55275749295504, 20.96956863183798, 21.38467590678012, 20.623267741617205, 19.493001100185165, 18.71593958893218, 17.866631702932757, 16.31413441938121, 14.291937843238632, 12.893635678603877, 12.837153489722258, 13.920181051216115, 15.087983273734071, 15.16178982014607, 13.818231569794452, 11.843800884791147, 10.504825333396434, 10.517178004668597, 11.589299187815753, 12.710663921748807, 12.87462291156822, 11.921929896798074, 10.5603328938414, 9.722089887699333, 9.806292018966849, 10.507353885217999, 11.13589421809893, 11.08842228677942, 10.360755596975553, 9.56196401096591, 9.259906855190131, 9.530422303761423, 9.98722358459856, 10.18775208962691, 9.964860316105938, 9.540977376854077, 9.290323132974546, 9.372731997490389, 9.588959004470283, 9.706341798984338, 9.62406127801805, 9.470179053922223, 9.367948082176502, 9.348876778115681, 9.368585942857308, 9.393969577071989, 9.381722488466934, 9.381722488466934]
loss_contour_history = [11.26957345353482, 11.056958303161032, 10.616251518507315, 10.135962236409942, 10.180676132197004, 10.259868553541073, 10.141958968774977, 10.201601486487013, 10.207225546015891, 10.172303520063112, 10.041984538424405, 9.998014052216849, 9.994660485434487, 10.015155113490305, 9.986828110780493, 9.918870958238196, 9.79257781824392, 9.75601500400134, 9.809977434519038, 9.880466042665159, 9.923792006120609, 9.922029728643041, 9.891230491889871, 9.843172608222485, 9.821352873521597, 9.80377555549839, 9.766980133847571, 9.74657341963587, 9.72019841379433, 9.687206117819542, 9.655337735956651, 9.626976962213899, 9.564938611245953, 9.504242158191953, 9.519073888325327, 9.536180933129762, 9.455032593579407, 9.33245193145346, 9.245627693221142, 9.226190234609508, 9.251850581254079, 9.282187744731152, 9.265288369771461, 9.216175692173044, 9.210789842553726, 9.281089212671109, 9.335700708558763, 9.339222436920442, 9.288854094794257, 9.256400565023139, 9.249217925276849, 9.237689040845073, 9.207253776637303, 9.191397920737957, 9.186072475132516, 9.186072475132516]
loss_tip_distance_history = [35.96835613709018, 5.219821442214129, 3.5214273496322206, 10.734420177004132, 12.491186595969925, 8.913847042376522, 4.857136199276948, 3.0763891307790487, 3.1151773156463816, 3.599088370591623, 3.780897122785239, 3.541751229800118, 3.166113538250226, 2.900261491813958, 2.6266011973840873, 2.1317544870476723, 1.499786674998237, 1.0458735582008458, 1.0090586850677403, 1.3465716695169851, 1.7213970892044872, 1.7465866971676767, 1.3090003593015274, 0.6668760921895537, 0.22782415329161226, 0.2378008163900692, 0.6074396846560606, 0.9880301673709786, 1.0514748325912964, 0.7449079263261772, 0.30166505262824933, 0.03170430849514496, 0.08045113590696487, 0.33437057567534867, 0.5389401099245342, 0.5174137845498862, 0.3019076677987155, 0.0765040265041499, 0.00475972065632992, 0.10141068971730496, 0.2451243344481605, 0.30185478163191937, 0.23319064877815887, 0.1082672282270106, 0.02651109680693953, 0.030547594939759736, 0.08441943197050694, 0.12237312068796541, 0.1117357277412646, 0.07125949629969452, 0.039576718966550975, 0.03706257909020258, 0.05377738874000156, 0.06752388544467698, 0.065216671111473, 0.065216671111473]
