p_start = [0.0200009997934103, 0.002001000102609396, 9.999999974752427e-07]
para_init = [0.01951158419251442, 0.0015115843852981925, 0.5079298615455627, -0.10438369959592819, -0.12238369882106781, 0.9846826195716858]
gt_path = E:/OneDrive - UC San Diego/UCSD/Lab/Catheter/diff_catheter/results\EXP001\D00_0017\images\000.png
learning_rate = 0.004
loss_history = [27.270807296375196, 22.394159463269766, 23.745982444977376, 22.73724580681686, 15.94236546986519, 12.536862697490117, 16.485542900349245, 19.10763515366176, 15.981490008094415, 11.48530033571344, 10.915287729584255, 13.762908157274131, 15.19337588311512, 13.556926730861012, 11.178574408299209, 10.744196323923443, 11.866681847307682, 12.53969478382304, 12.00646861840832, 11.202898295709463, 11.028983595358232, 11.178680721324245, 11.060831000980013, 10.830074865560844, 10.921264843158779, 10.987238034848286, 10.70536932332035, 10.34012334468655, 10.364136632992116, 10.719407642494643, 10.802255438760547, 10.470492288907856, 10.157602430143172, 10.213805617179913, 10.459459916002416, 10.48421892658115, 10.247841143933798, 10.077851114102016, 10.14206585050321, 10.284620258053527, 10.26029169365589, 10.153695114481408, 10.118978880561452, 10.128458194469813, 10.11224878362408, 10.101970482413712, 10.101970482413712]
loss_contour_history = [10.840284597607587, 11.188284445556882, 10.79409400703291, 10.012093965566365, 10.662654058853482, 10.846434829209509, 10.54681468358243, 10.18839300484239, 10.354878276802513, 10.566325240971343, 10.403232230793577, 10.09634965689212, 9.98458883212058, 10.238597963959968, 10.36670811388376, 10.292515145183787, 10.134218435459104, 10.105421677319988, 10.207380055268832, 10.29460392777839, 10.31903847204234, 10.242455042082984, 10.06999781022833, 9.959392201673205, 10.066507931467925, 10.14892769622347, 10.129725595772317, 10.075842532793429, 10.074843569438613, 10.145030997692462, 10.175325356048006, 10.169506092525229, 10.12077852758252, 10.037599578781103, 10.012315908489311, 10.066289180824231, 10.10718475402756, 10.072615230874437, 10.01931954878669, 10.051218358256188, 10.101974931765827, 10.11705381148401, 10.07885677043148, 10.017420890198387, 9.993836591089401, 10.02680375436228, 10.02680375436228]
loss_tip_distance_history = [5.476840899589204, 3.735291672570961, 4.317296145981488, 4.2417172804168315, 1.7599038036705696, 0.5634759560935361, 1.9795760722556055, 2.9730807162731243, 1.875537243763967, 0.3063250315806988, 0.1706851662635594, 1.222186166794004, 1.7362623503315138, 1.1061095889670147, 0.27062209813848304, 0.15056039291321874, 0.5774878039495256, 0.8114243688343503, 0.5996961877131626, 0.3027647893103582, 0.2366483744386306, 0.31207522641375357, 0.3302777302505613, 0.2902275546292126, 0.2849189705636179, 0.27943677954160534, 0.19188124251601063, 0.08809360396437385, 0.09643102118450066, 0.191458881600727, 0.20897669423751375, 0.10032873212754258, 0.012274634186884134, 0.05873534613293693, 0.14904800250436817, 0.13930991525230618, 0.046885463302078864, 0.0017452944091927184, 0.040915433905506594, 0.07780063326578002, 0.05277225396335412, 0.012213767665799404, 0.01337403670999036, 0.03701243475714157, 0.03947073084489287, 0.025055576017143866, 0.025055576017143866]
