p_start=[0.019999999552965164, 0.0020000000949949026, 9.999999974752427e-07]
learning_rate=0.1
