p_start = [0.0200009997934103, 0.002001000102609396, 9.999999974752427e-07]
para_init = [0.01951158419251442, 0.0015115843852981925, 0.5079298615455627, -0.10438369959592819, -0.12238369882106781, 0.9846826195716858]
gt_path = E:/OneDrive - UC San Diego/UCSD/Lab/Catheter/diff_catheter/results\EXP001\D00_0004\images\000.png
learning_rate = 0.004
loss_history = [69.8868308721861, 14.041839871804457, 29.268041007369934, 38.40433562219107, 27.905408363407247, 16.918173150827307, 15.35698868871167, 18.76128040471753, 20.564908076054472, 19.01644629016836, 16.372580159316655, 14.816857712604053, 14.687380073411937, 14.652188920314382, 14.060518878286908, 13.245020967481135, 12.93766126209849, 13.179730866379995, 13.324890448339335, 12.788562076742494, 11.768723684583122, 10.997659678678973, 11.078369756358036, 11.681680361693028, 12.028886296187295, 11.586502766996007, 10.632183448539898, 9.984820344752722, 10.115333642016575, 10.689811186901073, 10.9746158929291, 10.605702039999112, 9.888640262994215, 9.481672693085551, 9.648644030026961, 10.098531066749524, 10.2848054215213, 10.016711643681724, 9.600773474300249, 9.41070105883258, 9.613439424991501, 9.897732567472577, 9.909041633772608, 9.655610712162206, 9.45239207349796, 9.474570382879731, 9.614083056915895, 9.684072080112953, 9.636186964101485, 9.500837932538694, 9.42298828823835, 9.471930113056274, 9.561722457122952, 9.55698270790583, 9.469872563608515, 9.418286867087112, 9.44452936843735, 9.47716559908083, 9.477396084843171, 9.477396084843171]
loss_contour_history = [11.190717884637124, 11.345943847341951, 10.81912270647712, 10.457585324548008, 10.358820624565269, 10.285544087378003, 10.358740015241661, 10.381080281496919, 10.19626289646412, 10.052273599836534, 10.231856445866914, 10.243126456479667, 10.151117128463458, 9.996209694103026, 9.885808117439158, 9.849257580833395, 9.947536906045567, 10.034066685782804, 10.053131124910697, 10.019684202424353, 9.939695158219845, 9.826928366745427, 9.80819872381818, 9.798788496555607, 9.790953119382609, 9.753150162256398, 9.675756385915834, 9.634118506585335, 9.649101575243018, 9.65920882794811, 9.613019963121637, 9.53258973296581, 9.445617259194695, 9.412365961002077, 9.406214690804347, 9.419844200589576, 9.419604523557458, 9.40891479194623, 9.41211091046915, 9.403927643826833, 9.45194465763521, 9.501086409546867, 9.487436322418754, 9.435635237552752, 9.426559754588217, 9.439124148883275, 9.417161859686132, 9.383548275164777, 9.403391738546617, 9.418893632130587, 9.416210802305576, 9.419326302569026, 9.437299250567543, 9.435123863007348, 9.412945533942109, 9.40315418350397, 9.405257898248482, 9.391256358307, 9.383512734609475, 9.383512734609475]
loss_tip_distance_history = [19.56537099584966, 0.8986320081541689, 6.149639433630938, 9.315583432547687, 5.848862579613993, 2.210876354483101, 1.6660828911566699, 2.7934000410735367, 3.4562150598634513, 2.9880575634439417, 2.046907904483247, 1.5245770853747953, 1.5120876483161598, 1.5519930754037852, 1.3915702536159167, 1.1319211288825797, 0.9967081186843078, 1.0485547268657305, 1.0905864411428792, 0.9229592914393806, 0.6096761754544258, 0.3902437706445154, 0.4233903441799522, 0.6276306217124733, 0.7459777256015623, 0.6111175349132032, 0.31880902087468765, 0.11690061272246223, 0.15541068892451926, 0.343534119650988, 0.4538653099358209, 0.3577041023444337, 0.14767433459984028, 0.023102244027824577, 0.08080977974087156, 0.2262289553866495, 0.2884002993212803, 0.20259895057849753, 0.06288752127703312, 0.002257805001915664, 0.05383158911876397, 0.13221538597523663, 0.14053510378461795, 0.07332515820315104, 0.008610772969913937, 0.011815411332151889, 0.06564039907658735, 0.10017460164939208, 0.07759840851828932, 0.027314766802702423, 0.0022591619775917857, 0.017534603495749382, 0.04147440218513639, 0.04061961496616022, 0.018975676555468918, 0.005044227861047013, 0.013090490062955325, 0.02863641359127652, 0.03129445007789845, 0.03129445007789845]
