p_start = [0.0200009997934103, 0.002001000102609396, 9.999999974752427e-07]
para_init = [0.01951158419251442, 0.0015115843852981925, 0.5079298615455627, -0.10438369959592819, -0.12238369882106781, 0.9846826195716858]
gt_path = E:/OneDrive - UC San Diego/UCSD/Lab/Catheter/diff_catheter/results\EXP001\D00_0000\images\000.png
learning_rate = 0.004
loss_history = [32.69286321617056, 15.304089492948254, 22.37165965364903, 22.298696377116592, 14.598146850344378, 9.63904603322982, 12.978749688413824, 17.097267723196637, 15.545258226305764, 11.71482698260397, 10.015738286099898, 10.581122248576929, 11.784038163159133, 12.4887066981115, 12.110323536115967, 10.544934642133047, 9.189054654726506, 9.453430304423192, 10.649504388263246, 11.021796376570027, 10.314782720733756, 9.49635942735709, 9.199494901137061, 9.322831592497229, 9.68950755297367, 9.985483729492548, 9.71024662756956, 9.094543800912335, 8.852671114382385, 9.249276763983106, 9.582347558654995, 9.44838205908626, 9.103730084439755, 8.956966391680119, 9.003929389657538, 9.131705481798349, 9.22731155806751, 9.153589463808686, 8.931521109282011, 8.852803699294938, 8.983377643824724, 9.074913651802683, 9.004532630633522, 8.906964169209756, 8.871049453311535, 8.889104486067614, 8.951463196404163, 8.972872178468496, 8.875458688110067, 8.835870517768846, 8.877328871333486, 8.903085895433025, 8.891927849875628, 8.891927849875628]
loss_contour_history = [10.84238585116438, 9.853397869895947, 9.906474670998858, 9.546016832620051, 9.365476349671878, 9.44755993311264, 9.445952470084825, 9.32981381163976, 9.244745876797555, 9.194149396885873, 9.1856034680886, 9.219632318431604, 9.219819070246693, 9.126895394621428, 9.116075198626728, 9.125746729695159, 9.071134106645466, 9.004377672226479, 8.952380340599039, 8.912112223921287, 8.960821841230144, 9.039124726836238, 9.03241730798554, 8.924213358121644, 8.891140771939277, 8.993201526681528, 8.993035139193772, 8.900594458487793, 8.839956195718706, 8.92407030252453, 8.959532986537239, 8.91003029707584, 8.835704551245346, 8.860269648470844, 8.914467637535504, 8.914957033773023, 8.894507414985501, 8.902688082650211, 8.879866569635892, 8.83419504318792, 8.817940952974183, 8.832590635088609, 8.831210014989294, 8.8307206057123, 8.843461009039983, 8.839619009610892, 8.833418227547833, 8.846677875330464, 8.83026871793106, 8.83537794771132, 8.833342668468868, 8.820322307955195, 8.823699418586672, 8.823699418586672]
loss_tip_distance_history = [7.28349245500206, 1.8168972076841026, 4.155061660883391, 4.2508931814988475, 1.7442235002241664, 0.06382870003906008, 1.1775990727763332, 2.589151303852292, 2.100170783169403, 0.8402258619060327, 0.27671160600376654, 0.4538299767151085, 0.8547396976374799, 1.1206037678300236, 0.9980827791630799, 0.47306263747929606, 0.039306849360346875, 0.14968421073223734, 0.5657080158880688, 0.7032280508829128, 0.4513202931678706, 0.15241156684028406, 0.05569253105050723, 0.13287274479186156, 0.26612226034479725, 0.33076073427034014, 0.2390704961252627, 0.06464978080818051, 0.0042383062212267, 0.1084021538195255, 0.20760485737258513, 0.17945058733680677, 0.08934184439813621, 0.0322322477364253, 0.029820584040678184, 0.0722494826751086, 0.11093471436066975, 0.0836337937194915, 0.017218179882039743, 0.006202885369006091, 0.05514556361684668, 0.08077433890469134, 0.05777420521474282, 0.025414521165819114, 0.009196148090517787, 0.016495158818907514, 0.03934832295210978, 0.04206476771267711, 0.015063323393002172, 0.00016419001917526648, 0.014662067621539267, 0.027587862492610235, 0.022742810429652274, 0.022742810429652274]
