p_start = [0.0200009997934103, 0.002001000102609396, 9.999999974752427e-07]
para_init = [0.01951158419251442, 0.0015115843852981925, 0.5079298615455627, -0.10438369959592819, -0.12238369882106781, 0.9846826195716858]
gt_path = E:/OneDrive - UC San Diego/UCSD/Lab/Catheter/diff_catheter/results\EXP001\D00_0010\images\000.png
learning_rate = 0.004
loss_history = [26.12069249316412, 19.631972413966324, 23.300552364791187, 11.699542738084943, 11.686884670926748, 17.56106995726745, 16.215948601454958, 11.126467062936173, 10.163258674262185, 13.1204392194334, 14.201663297965181, 11.876822436541898, 9.6993824985133, 10.276655551471519, 11.958076325206232, 11.914435011134554, 10.351632676370379, 9.552599755896413, 10.33301019878939, 11.111014902819834, 10.587457559948986, 9.574202212680147, 9.433010043092365, 10.08183101849732, 10.391404780960805, 9.898948085342774, 9.358999420205611, 9.460879495635604, 9.861810512453916, 9.82953224045861, 9.413597885275674, 9.250206550674058, 9.483093233509084, 9.648759573058001, 9.459466411868373, 9.220482976772825, 9.281773037566703, 9.474322164671179, 9.421800175287522, 9.218756823583524, 9.189637527545903, 9.321604350441108, 9.34520729556958, 9.226437633451136, 9.176008695484581, 9.25834877451167, 9.304026307152549, 9.234593749245718, 9.182677326612803, 9.225292023521375, 9.26113677433294, 9.220317244362878, 9.220317244362878]
loss_contour_history = [9.895240163687518, 11.013725954436474, 10.302605751097623, 9.678818307558071, 10.062069207742448, 10.208348196307359, 10.119792706335188, 9.855262286020613, 9.70338155154586, 9.681291890962372, 9.739486530664427, 9.723990207744468, 9.555970831754403, 9.420715240628759, 9.45332322028376, 9.541200719531215, 9.542745291698242, 9.493368635798925, 9.477059842305046, 9.45036892655239, 9.373235587546116, 9.320479161758186, 9.329006953701898, 9.341314964164793, 9.349757930081491, 9.342263090200408, 9.310915516436832, 9.270368496373113, 9.25091142019374, 9.244506393585418, 9.237157620271123, 9.233584487033117, 9.213635590896779, 9.205591167735072, 9.209672986023124, 9.204627242882442, 9.195639837592097, 9.202022306793896, 9.193687992889837, 9.177596193728323, 9.169173412105462, 9.173173786531859, 9.177601092036443, 9.175371692573068, 9.172094514721282, 9.172705201840943, 9.17807509848236, 9.18266425464211, 9.181448182695089, 9.180329327644095, 9.182015204494085, 9.18262965533324, 9.18262965533324]
loss_tip_distance_history = [5.408484109825535, 2.8727488198432836, 4.3326488712311875, 0.6735748101756245, 0.5416051543947664, 2.450907253653364, 2.032051965039923, 0.4237349256385202, 0.15329237423877495, 1.1463824428236757, 1.4873922557669181, 0.717610742932477, 0.04780388891963253, 0.2853134369475867, 0.8349177016408242, 0.7910780972011133, 0.2696291282240451, 0.01974370669916253, 0.2853167854947816, 0.5535486587558149, 0.4047406574676231, 0.08457435030732019, 0.03466769646348904, 0.2468386847775091, 0.34721561695977154, 0.18556166504745503, 0.016027967922926534, 0.06350366642083036, 0.2036330307533918, 0.1950086156243975, 0.05881342166818373, 0.005540687880314006, 0.08981921420410204, 0.14772280177430963, 0.08326447528174982, 0.005285244630127801, 0.02871106665820171, 0.09076661929242737, 0.07603739413256165, 0.013720209951733578, 0.00682137181348055, 0.049476854636416524, 0.055868734511045334, 0.017021980292689476, 0.0013047269210998045, 0.028547857556909483, 0.041983736223396295, 0.017309831534536555, 0.00040971463923818174, 0.014987565292426471, 0.02637385661295155, 0.012562529676546044, 0.012562529676546044]
