p_start = [0.0200009997934103, 0.002001000102609396, 9.999999974752427e-07]
para_init = [0.01951158419251442, 0.0015115843852981925, 0.5079298615455627, -0.10438369959592819, -0.12238369882106781, 0.9846826195716858]
gt_path = E:/OneDrive - UC San Diego/UCSD/Lab/Catheter/diff_catheter/results\EXP001\D00_0015\images\000.png
learning_rate = 0.004
loss_history = [96.93276011018655, 30.74076743549618, 12.373073947858336, 25.08614163991932, 41.106802551183236, 39.21763017653423, 27.166318902928083, 16.513028769103546, 11.233880615960324, 11.637018585896572, 16.474197294880142, 21.618761728995196, 22.680372816410454, 19.220480317910486, 14.360113018087105, 11.01217687233338, 10.01508571641246, 10.956418212492784, 13.073729643178932, 14.92413851664022, 15.029570225963159, 13.232942459280645, 10.952422588750427, 9.661521591117184, 9.613703257728206, 10.361597529700319, 11.368611198491047, 11.94504791843073, 11.613124776253464, 10.582534198739939, 9.637147586306863, 9.314172161072168, 9.531604231515114, 9.977883999940042, 10.37231459800396, 10.39806622999063, 9.96042053271096, 9.419286116856723, 9.1625697180247, 9.214733449745417, 9.415332076746555, 9.618376974672938, 9.657430444556839, 9.434365109090095, 9.156032018996635, 9.060389753984467, 9.082807156197394, 9.231143150430922, 9.346194806036554, 9.34841777727913, 9.22419457600729, 9.068627806386948, 9.017816935130874, 9.093983062373807, 9.17714461544181, 9.179821005860408, 9.155641325955159, 9.092688059354264, 9.092688059354264]
loss_contour_history = [10.326403943013513, 10.307119446107622, 10.176785944771876, 10.111993031971162, 10.026437531250762, 9.928842642918859, 9.845834563174508, 9.791283945774715, 9.717514462785207, 9.652840920707291, 9.681625728263013, 9.679017258799211, 9.59431130569413, 9.49300469674733, 9.469593141794366, 9.484285386066427, 9.492915831521026, 9.430350652663067, 9.340392758126697, 9.29757074769279, 9.345050129727793, 9.353466457522687, 9.288880952167023, 9.270598411840236, 9.30262679027567, 9.335341929976957, 9.33767423756822, 9.292815901270147, 9.2740183587617, 9.266059969107868, 9.242614035826833, 9.21467155395183, 9.192828463167633, 9.167794870398176, 9.144474440829057, 9.12957440723905, 9.122587594246347, 9.126806342547962, 9.118010457343669, 9.077489812605297, 9.047366982663021, 9.055033301637604, 9.062624014576587, 9.035117096634565, 9.03223334241039, 9.052246569783899, 8.993030624748615, 8.9994742013623, 9.021566842983766, 9.036352141843407, 9.0360928459607, 9.02183043491798, 9.013270450155815, 9.036634226436375, 9.056027285284959, 9.034397175280278, 9.040303799258444, 9.04658178724192, 9.04658178724192]
loss_tip_distance_history = [28.868785389057678, 6.811215996462854, 0.73209600102882, 4.991382869316052, 10.360121673310823, 9.76292917787179, 5.773494779917858, 2.240581607776277, 0.5054553843917053, 0.6613925550630932, 2.2641905222057095, 3.979914823398661, 4.362020503572108, 3.242491873721052, 1.6301732920975793, 0.5092971620889847, 0.17405662829714447, 0.5086891866099053, 1.244445628350745, 1.875522589649143, 1.894840032078455, 1.2931586672526527, 0.5545138788611347, 0.13030772642564947, 0.10369215581751193, 0.34208519990778746, 0.676978986974276, 0.8840773390535274, 0.7797021391639215, 0.4388247432106904, 0.13151118349334365, 0.03316686904011285, 0.11292525611582752, 0.27002970984728863, 0.40928005239163456, 0.4228306075838597, 0.2792776461548713, 0.09749325810292057, 0.014853086893677401, 0.045747879046706616, 0.12265503136117821, 0.1877812243451112, 0.1982688099934176, 0.13308267081850994, 0.041266225528748285, 0.0027143947335227514, 0.029925510482926188, 0.07722298302287395, 0.10820932101759564, 0.10402187847857433, 0.06270057668219652, 0.015599123822989327, 0.0015154949916864064, 0.019116278645810735, 0.040372443385617185, 0.04847461019337675, 0.0384458422322381, 0.015368757370781635, 0.015368757370781635]
