p_start = [0.0200009997934103, 0.002001000102609396, 9.999999974752427e-07]
para_init = [0.01951158419251442, 0.0015115843852981925, 0.5079298615455627, -0.10438369959592819, -0.12238369882106781, 0.9846826195716858]
gt_path = E:/OneDrive - UC San Diego/UCSD/Lab/Catheter/diff_catheter/results\EXP005\D00_0003\images\000.png
learning_rate = 0.004
loss_history = [60.86829198989821, 16.21730754616174, 24.939237870957935, 29.640628359016446, 25.24585072675848, 20.60177161182488, 16.03248157686148, 13.274709878265776, 14.506443592695014, 17.686346314789628, 19.13507796635053, 16.75453468898487, 12.416947483299923, 9.910286830709735, 10.981110819516367, 13.761077749681958, 15.110205010607967, 13.790828067229736, 11.243819812847125, 9.703019338979741, 10.107411702531442, 11.503249564945135, 12.274774367873986, 11.77275126580075, 10.646020346532223, 9.892872769338823, 9.912774895170898, 10.344255688405458, 10.64971248505753, 10.598191710371665, 10.273582868914728, 9.903975111417255, 9.7024994404435, 9.749939109207501, 9.965260809435716, 10.117207086358967, 10.019131308434867, 9.720234425790537, 9.497978323856836, 9.558963970447856, 9.787904362217834, 9.892160643947351, 9.742727247893123, 9.515421004767289, 9.45127117119324, 9.574881637028373, 9.696832381768015, 9.667058782988844, 9.539272742209294, 9.46095886146274, 9.493832347213818, 9.55725910674966, 9.568006460525165, 9.522334740740796, 9.475021917641564, 9.475021917641564]
loss_contour_history = [10.857723957369174, 10.256817298373562, 10.430713589861664, 9.902813765476608, 9.8902437686557, 10.109949860331168, 9.949026139793887, 9.6300038408543, 9.799718902550872, 10.009641629264634, 10.045855494972475, 9.906081573008596, 9.678999762570136, 9.58453918342282, 9.657811404081553, 9.64830916836982, 9.559522591886646, 9.507861461212118, 9.533551327497443, 9.562021624895864, 9.563330962579201, 9.562145776559149, 9.56957615427856, 9.561027894879825, 9.533295647939402, 9.494453629698265, 9.467357684574282, 9.44933732426258, 9.439272705856432, 9.44301284376192, 9.441341655117018, 9.437600361777728, 9.447711449578485, 9.454242523231784, 9.454134015867144, 9.448289302617448, 9.445808031106239, 9.443352607733335, 9.441507331788895, 9.440818404160503, 9.437538984864474, 9.436154675752812, 9.438065346699345, 9.442875078746265, 9.44588363540181, 9.447338023155382, 9.448520034443124, 9.450624248606672, 9.451200578307283, 9.445452565858874, 9.441098675048138, 9.437499274230321, 9.435511523698356, 9.433211594182934, 9.433519472827365, 9.433519472827365]
loss_tip_distance_history = [16.670189344176347, 1.98683008259606, 4.836174760365424, 6.579271531179947, 5.118535652700927, 3.497273917164571, 2.0278184790225304, 1.214902012470492, 1.568908230048047, 2.5589015618416644, 3.0297408237926855, 2.282817705325424, 0.9126492402432623, 0.10858254909563873, 0.44109980514493796, 1.370922860437379, 1.8502274729071069, 1.4276555353392064, 0.5700894951165607, 0.04699923802795925, 0.18136024665074682, 0.6470345961286619, 0.9017327378651422, 0.7372411236403087, 0.3709082328642737, 0.1328063798801855, 0.1484724035322053, 0.29830612138095963, 0.40347992640036584, 0.38505962220324846, 0.27741373793257007, 0.1554582498798427, 0.0849293302883385, 0.09856552865857247, 0.17037559785619066, 0.2229725945805058, 0.19110775910954245, 0.09229393935240092, 0.018823664022646985, 0.03938185542911793, 0.11678845911778624, 0.1520019893981797, 0.10155396706459273, 0.02418197534034128, 0.0017958452638097595, 0.04251453795766383, 0.08277078244163001, 0.07214484479405714, 0.029357387967336942, 0.005168765201288668, 0.017577890721893166, 0.03991994417311309, 0.04416497894226954, 0.029707715519286977, 0.013834148271399473, 0.013834148271399473]
