p_start = [0.0200009997934103, 0.002001000102609396, 9.999999974752427e-07]
para_init = [0.02950325608253479, -0.0008044911082834005, 0.5113545656204224, -0.10335532575845718, -0.12346413731575012, 0.9884318113327026]
gt_path = E:/OneDrive - UC San Diego/UCSD/Lab/Catheter/diff_catheter/results\IA004\D00_0001\images\000.png
learning_rate = 0.004
loss_history = [51.14182057954282, 16.97138404716755, 28.032127643664445, 27.899995714311913, 21.004520927725295, 18.04933253503084, 17.15284993915651, 16.789417141570887, 16.855470299851078, 17.13907711391733, 16.75415858123247, 14.987921165328954, 13.0886273339643, 12.66801227183398, 13.809704236542057, 14.883003444299405, 14.411291229621407, 12.66367250839858, 11.418501574949879, 11.757917159776806, 12.920676677067581, 13.340944282680015, 12.51164614638496, 11.385718781717802, 11.029603527473391, 11.631999032910459, 12.246995157457324, 12.103828569045938, 11.38832713878107, 10.847876088784107, 10.876786785294923, 11.286814605727697, 11.476622183058055, 11.21508428451352, 10.827230881273264, 10.671538646181382, 10.794469366919, 10.937196874875292, 10.90918455865886, 10.778253090959042, 10.637810795217726, 10.570482104743212, 10.545033899037954, 10.583728378526912, 10.608663223621047, 10.608663223621047]
loss_contour_history = [15.103742799698075, 12.353076634530552, 11.635532155744855, 12.156853280484391, 12.203938216803571, 11.989922319382579, 11.680228163403495, 11.43325262488976, 11.302941724892094, 11.217276944866141, 11.261240263040113, 11.384271288192998, 11.42267992301106, 11.273773655630482, 11.080963673111807, 10.98286958437745, 11.046972663428956, 11.095918887806286, 11.148314868732047, 11.188658666486019, 11.13702662022253, 10.99373579098075, 10.888915657865105, 10.933697930906355, 11.024721945740929, 11.11610338351693, 11.076336281075989, 10.941952317928934, 10.817193914393094, 10.761250883311988, 10.735116882311225, 10.786211465241081, 10.819729494791519, 10.75833169275628, 10.646214011047892, 10.554231303798627, 10.55705237035847, 10.609729362752434, 10.624759121947843, 10.59753928671398, 10.518169883748563, 10.449637214627923, 10.39275583566171, 10.405134911938095, 10.433980730502615, 10.433980730502615]
loss_tip_distance_history = [12.01269259328158, 1.539435804212333, 5.46553182930653, 5.247714144609174, 2.9335275703072416, 2.0198034052160865, 1.824207258584339, 1.7853881722270422, 1.8508428583196612, 1.9739333896837299, 1.830972772730786, 1.2012166257119852, 0.5553158036510805, 0.4647462054011664, 0.9095801878100834, 1.3000446199739846, 1.1214395220641502, 0.5225845401974312, 0.09006223540594402, 0.1897528310969292, 0.5945500189483506, 0.7824028305664215, 0.5409101628399513, 0.15067361693714898, 0.0016271939108206362, 0.17196521646451013, 0.390219625460445, 0.3872920837056677, 0.19037774146265862, 0.028875068490706403, 0.04722330099456645, 0.16686771349553842, 0.21896422942217847, 0.15225086391907977, 0.060338956741790815, 0.03910244746091838, 0.0791389988535097, 0.109155837374286, 0.094808478903672, 0.06023793474835425, 0.039880303823054616, 0.04028163003842908, 0.05075935445874809, 0.059531155529605584, 0.058227497706144285, 0.058227497706144285]
