p_start = [0.0200009997934103, 0.002001000102609396, 9.999999974752427e-07]
para_init = [0.01951158419251442, 0.0015115843852981925, 0.5079298615455627, -0.10438369959592819, -0.12238369882106781, 0.9846826195716858]
gt_path = E:/OneDrive - UC San Diego/UCSD/Lab/Catheter/diff_catheter/results\EXP001\D00_0016\images\000.png
learning_rate = 0.004
loss_history = [46.69640749700436, 15.828598418792188, 19.391403942735497, 28.208716676722474, 24.58365452291713, 14.139234497073197, 9.610907835301253, 13.217121637288747, 17.304172131444666, 17.383931345936986, 15.019073262263769, 12.19916976293681, 10.1470214101005, 10.242100190576094, 12.185927604472827, 13.655763387525425, 12.972076091438453, 10.977039411332946, 9.684743693723304, 9.836496818242502, 10.56445434985078, 11.00414245788247, 10.968755881798515, 10.481542311099043, 9.727160136350959, 9.394720141740676, 9.758375387017377, 10.284528552745675, 10.285760140215213, 9.694483981868354, 9.187508891325427, 9.19332609459234, 9.407451810636134, 9.588155442213871, 9.608017338540868, 9.39674762364248, 9.079838087651053, 8.948802991635397, 9.052213643025118, 9.238731109103329, 9.21833860850397, 9.062651045105358, 8.952446680508128, 8.926539071892178, 8.973635796030166, 9.05623873927191, 9.041098087223997, 8.927432456195568, 8.867583600290486, 8.882181039089144, 8.910105985472265, 8.896151022656051, 8.896151022656051]
loss_contour_history = [9.988436763003381, 10.17782252043774, 9.641466727907638, 9.607540335381149, 10.079378326735705, 9.878046725224552, 9.479548962118661, 9.288243269775272, 9.310870318620196, 9.429389000050342, 9.602632765525133, 9.5924098956952, 9.40923562754787, 9.290115980041719, 9.26909700704132, 9.294603966226628, 9.387574091244982, 9.449024456716032, 9.436617574732509, 9.373633259550855, 9.25059442960595, 9.141311256491276, 9.141763378654039, 9.234256827215946, 9.295043076906476, 9.35571442300813, 9.347008828331075, 9.269747103521489, 9.20483468302018, 9.088516343125043, 9.008540361182295, 9.069294636975313, 9.12612161195932, 9.131382148777647, 9.07530209956483, 9.002804103810362, 8.960183202064368, 8.942554926182616, 8.897726593927384, 8.932648081605919, 8.954398533538525, 8.935762350447883, 8.901989550361257, 8.874393888237062, 8.867638553557116, 8.886244207538699, 8.887231880181613, 8.871666238035267, 8.866604654168778, 8.839564641167016, 8.817006801784462, 8.808569722430498, 8.808569722430498]
loss_tip_distance_history = [12.235990244666992, 1.8835919661181493, 3.2499790716092862, 6.200392113780442, 4.834758732060474, 1.4203959239495485, 0.04378629106086415, 1.3096261225044916, 2.664433937608157, 2.6515141152955475, 1.8054801655795454, 0.8689199557472034, 0.2459285941842097, 0.3173280701781248, 0.9722768658105019, 1.453719807099599, 1.1948340000644904, 0.5093383182056384, 0.08270870633026527, 0.15428785289721558, 0.43795330674827676, 0.6209437337970641, 0.608997501048159, 0.4157618279610323, 0.14403901981482764, 0.013001906244181578, 0.13712218622876732, 0.33826048307472856, 0.36030848573167784, 0.20198921291443658, 0.059656176714377174, 0.041343819205676084, 0.09377673289227142, 0.15225776447874154, 0.177571746325346, 0.13131450661070587, 0.03988496186222833, 0.0020826884842599894, 0.05149568303257768, 0.10202767583246983, 0.0879800249884816, 0.04229623155249189, 0.01681904338229039, 0.017381727885038584, 0.03533241415768317, 0.05666484391107018, 0.05128873568079466, 0.01858873938676661, 0.0003263153739021008, 0.014205465974042542, 0.03103306122926794, 0.029193766741850764, 0.029193766741850764]
