p_start = [0.0200009997934103, 0.002001000102609396, 9.999999974752427e-07]
para_init = [0.01951158419251442, 0.0015115843852981925, 0.5079298615455627, -0.10438369959592819, -0.12238369882106781, 0.9846826195716858]
gt_path = E:/OneDrive - UC San Diego/UCSD/Lab/Catheter/diff_catheter/results\EXP007\D00_0047\images\000.png
learning_rate = 0.004
loss_history = [119.48083388937937, 27.530480637963215, 20.932941013704202, 39.5808123659338, 45.3328669661751, 36.7783085252092, 26.629094253155976, 21.52310548036025, 19.71630775927933, 18.846860880873834, 18.46354535884857, 18.757320828548842, 19.56237139657757, 20.033241371458548, 18.990454823757418, 16.16876732555489, 12.882109467606291, 11.014525588388437, 11.448357630228298, 13.492783524176904, 15.352757016321332, 15.426457083810758, 13.554765723151018, 11.01971793853401, 9.43065080979859, 9.599833019655291, 11.033260602301109, 12.316496951497468, 12.430381890108855, 11.358358048609764, 9.95283530357726, 9.20696807972278, 9.416404700870578, 10.12170568625602, 10.636881615085535, 10.57425193031634, 10.048881317183273, 9.510530208355538, 9.302004343137733, 9.429738880829476, 9.632741035102626, 9.735074985896706, 9.675021818444883, 9.50627028347212, 9.364062878759631, 9.288802753949739, 9.27641456776272, 9.307162710574763, 9.355459693293232, 9.355459693293232]
loss_contour_history = [10.304246316101462, 10.00704276955618, 9.661577095841668, 9.580694281235738, 9.779057513692528, 9.750723498021618, 9.831891864858344, 10.007151867972484, 9.941651711806463, 9.70301907244868, 9.449948550240117, 9.380072679019262, 9.437173196826766, 9.432687451346125, 9.358051963632903, 9.263499701981067, 9.208982352106883, 9.241115011807885, 9.304915462449701, 9.364113875407003, 9.41137082821146, 9.421779008674362, 9.386698813176174, 9.322759968487443, 9.234574887283475, 9.15550380718729, 9.140452634991965, 9.127408051661657, 9.13687758398509, 9.137483298232588, 9.11915673628003, 9.131398414722016, 9.152514450705223, 9.151859137968776, 9.149163372718734, 9.154846439989555, 9.144848465181935, 9.128557160447691, 9.111290145150498, 9.094938386590687, 9.060245234524398, 9.060021883901783, 9.087109492570326, 9.097671236848843, 9.105389231816433, 9.10507812221215, 9.10673610760223, 9.112829029418043, 9.117784344023555, 9.117784344023555]
loss_tip_distance_history = [36.392195857759305, 5.841145956135679, 3.7571213059541773, 10.00003936156602, 11.851269817494188, 9.009195009062525, 5.599067462765878, 3.8386512041292558, 3.2582186824909565, 3.047947269475051, 3.00453226953615, 3.125749383176526, 3.3750660665836016, 3.5335179733708078, 3.210800953374838, 2.301755874524608, 1.2243757051664694, 0.5911368588601839, 0.7144807225928653, 1.3762232162566332, 1.9804620627032907, 2.001559358378799, 1.3893556366582813, 0.5656526566821888, 0.06535864083837152, 0.14810973748933354, 0.6309359891030484, 1.0630296332786038, 1.097834768707922, 0.7402915834590584, 0.27789285576574374, 0.02518988833358769, 0.08796341672178513, 0.3232821827624143, 0.4959060807889336, 0.47313516344226164, 0.3013442840004459, 0.12732434930261538, 0.06357139932907835, 0.1116001647462625, 0.19083193352607564, 0.2250177006649745, 0.1959707752915187, 0.13619968220775874, 0.08622454898106577, 0.061241543912529534, 0.05655948672016315, 0.06477789371890678, 0.07922511642322573, 0.07922511642322573]
