p_start = [0.0200009997934103, 0.002001000102609396, 9.999999974752427e-07]
para_init = [0.01951158419251442, 0.0015115843852981925, 0.5079298615455627, -0.10438369959592819, -0.12238369882106781, 0.9846826195716858]
gt_path = E:/OneDrive - UC San Diego/UCSD/Lab/Catheter/diff_catheter/results\EXP001\D00_0005\images\000.png
learning_rate = 0.004
loss_history = [39.41783861030487, 10.694096396137317, 27.00261908590823, 24.905149693903322, 14.062905481797536, 10.176021668278656, 14.098170865701194, 17.94143581887252, 16.65441325525653, 12.594362085342429, 9.965028827137285, 10.48717903817384, 12.715085766996786, 13.867932859146912, 12.674801330197457, 10.437480316559773, 9.27940716581871, 9.986389367905534, 11.41121356025868, 11.758622190929312, 10.756794137832568, 9.528617539321086, 9.186551362272473, 9.788061926234038, 10.443740663812266, 10.445473358540315, 9.86407530533277, 9.268055453478532, 9.145232519121164, 9.479419675244124, 9.809433174355108, 9.709666847683927, 9.262966677988231, 8.94616377741929, 9.020502787438327, 9.262705565802735, 9.345730367359197, 9.171275983815239, 8.939757276687141, 8.897702722992678, 9.043366368197928, 9.148147515560224, 9.117070756116377, 8.976719187104134, 8.891654216910789, 8.965054019959556, 9.051278650515394, 9.03482209646495, 8.94027479309723, 8.880991732362874, 8.90647756245327, 8.959790526744252, 8.946445021020677, 8.946445021020677]
loss_contour_history = [9.762617686933144, 9.627924862140102, 9.683468636786362, 9.719085872458361, 9.60542626469682, 9.337237371044125, 9.1892520816814, 9.287452874958147, 9.332174294511383, 9.322029081077082, 9.32655855794896, 9.361852223766913, 9.368428603048994, 9.356092666080606, 9.279626735017908, 9.222082615832292, 9.233044231827545, 9.217344961729722, 9.178747904815646, 9.10148502794933, 9.07530627365982, 9.099446673063504, 9.130042849943274, 9.179095252044318, 9.19474646381526, 9.174764506904499, 9.148395021543362, 9.11461316504748, 9.067295082284694, 9.023049976004444, 9.00533688729982, 8.993893893784886, 8.962917948746298, 8.934282945821055, 8.917127339518512, 8.896419935577711, 8.902189638356905, 8.904029072444107, 8.88238500398012, 8.872112085833649, 8.88508976555421, 8.877784622239659, 8.893136595596058, 8.899252784914431, 8.888096217399202, 8.894727048837538, 8.890005899136561, 8.890229940317965, 8.890611355396114, 8.878295286658064, 8.863137829538084, 8.863569133043649, 8.85618717400413, 8.85618717400413]
loss_tip_distance_history = [9.885073641123908, 0.35539051133240496, 5.773050149707289, 5.062021273814987, 1.4858264057002388, 0.2795947657448437, 1.6363062613399315, 2.884660981304792, 2.4407463202483815, 1.0907776680884493, 0.21282342306277502, 0.3751089381356423, 1.1155523879825975, 1.5039467310221017, 1.13172486505985, 0.4051325669091604, 0.015454311330388404, 0.25634813539193724, 0.7441552184810116, 0.8857123876599939, 0.5604959547242496, 0.14305695541919414, 0.01883617077639968, 0.20298889139657347, 0.41633139999900187, 0.42356961721193903, 0.23856009459646935, 0.05114742947701736, 0.02597914561215644, 0.15212323307989326, 0.2680320956850966, 0.23859098463301362, 0.10001624308064412, 0.003960277199411761, 0.03445848263993843, 0.12209521007500782, 0.1478469096674306, 0.08908230379037724, 0.01912409090233989, 0.008530212386342832, 0.05275886754790643, 0.09012096444018818, 0.07464472017343975, 0.02582213406323426, 0.001185999837195622, 0.023442323707339563, 0.05375758379294434, 0.048197385382328164, 0.016554479233704972, 0.0008988152349365224, 0.01444657763839553, 0.03207379790020099, 0.03008594900551566, 0.03008594900551566]
