p_start = [0.0200009997934103, 0.002001000102609396, 9.999999974752427e-07]
para_init = [0.01951158419251442, 0.0015115843852981925, 0.5079298615455627, -0.10438369959592819, -0.12238369882106781, 0.9846826195716858]
gt_path = E:/OneDrive - UC San Diego/UCSD/Lab/Catheter/diff_catheter/results\EXP001\D00_0012\images\000.png
learning_rate = 0.004
loss_history = [16.0270443800786, 33.116627470503175, 14.707211448770263, 12.265291301699017, 20.672583169949107, 17.49148639770273, 11.105009157540527, 11.441547274344924, 15.543669635711709, 15.48901702123068, 11.89442198137133, 10.072924465819133, 11.739837070752325, 13.414069187525511, 12.423904954349247, 10.329854492022228, 9.844066270735306, 11.080982948394514, 11.867739145910999, 11.046811442986366, 9.815646471922646, 9.729843953387997, 10.567788954723163, 10.842784788157843, 10.19579249658267, 9.650374806026962, 9.889183245213168, 10.348316155503467, 10.200608189083962, 9.725325674191327, 9.598903323418172, 9.912202427145552, 10.096413349129877, 9.849216798467152, 9.5783723410869, 9.667523620589941, 9.858283293864634, 9.791965363635146, 9.610132605221887, 9.60144401554384, 9.739734277976623, 9.75516830447006, 9.620046754290419, 9.547419947889045, 9.633795829129117, 9.683705261844322, 9.6052977436078, 9.543085414784825, 9.604620115634411, 9.627047913785043, 9.572323584702751, 9.572323584702751]
loss_contour_history = [10.748842239972742, 11.347868050400425, 10.488343062299036, 10.158677049595074, 10.457250151341896, 10.377016312830406, 10.304689988603005, 10.245600414482606, 10.165726491328414, 10.087826441931547, 10.066421052885016, 10.060912835148763, 10.038162262605656, 9.914744071187224, 9.774737460773123, 9.726843733297695, 9.713994887474033, 9.68406214900429, 9.67964432353039, 9.669222447031212, 9.601225510231048, 9.53954086816637, 9.56952718447295, 9.597190608833252, 9.597615276312414, 9.59557194178153, 9.585607122254519, 9.561915748600539, 9.505807016977993, 9.523763537246134, 9.567308016482027, 9.610338954811626, 9.632158855655598, 9.601358673539591, 9.553830883069171, 9.54328936562695, 9.536280132293543, 9.523363533469942, 9.548320954648304, 9.581313485481921, 9.598185150122932, 9.585948316833669, 9.562603656174277, 9.534197618182063, 9.533424067657625, 9.538163368637385, 9.538391338348328, 9.540559567497397, 9.563483159542693, 9.545417218533021, 9.531431161141045, 9.531431161141045]
loss_tip_distance_history = [1.759400713368619, 7.256253140034248, 1.4062894621570758, 0.7022047507013145, 3.4051110062024033, 2.371490028290774, 0.26677305631250714, 0.3986489532874389, 1.7926477147944317, 1.8003968597663778, 0.6093336428287719, 0.004003876890123348, 0.5672249360488896, 1.1664417054460956, 0.8830558311920411, 0.2010035862415109, 0.04335712775375759, 0.46564026646340784, 0.7293649407935361, 0.4591963319850515, 0.07147365389719913, 0.06343436174054236, 0.3327539234167377, 0.4151980597748637, 0.19939240675675196, 0.018267621415143494, 0.10119204098621623, 0.2621334689676427, 0.2316003907019893, 0.06718737898173069, 0.010531768978715354, 0.1006211574446419, 0.15475149782475944, 0.0826193749758534, 0.008180486005909966, 0.04141141832099702, 0.10733438719036392, 0.0895339433884016, 0.02060388352452787, 0.006710176687306798, 0.04718304261789742, 0.0564066625454633, 0.019147699372047577, 0.004407443235660912, 0.03345725382383068, 0.04851396440231236, 0.022302135086490336, 0.0008419490958092739, 0.013712318697239084, 0.02721023175067387, 0.013630807853902121, 0.013630807853902121]
