p_start = [0.0200009997934103, 0.002001000102609396, 9.999999974752427e-07]
para_init = [0.01951158419251442, 0.0015115843852981925, 0.5079298615455627, -0.10438369959592819, -0.12238369882106781, 0.9846826195716858]
gt_path = E:/OneDrive - UC San Diego/UCSD/Lab/Catheter/diff_catheter/results\EXP001\D00_0014\images\000.png
learning_rate = 0.004
loss_history = [44.89126706936823, 17.29044437044521, 20.018766475276482, 28.609600684041972, 24.187842570824323, 14.06286859330993, 10.831259946155935, 14.510778771793042, 17.744039204177007, 17.727988169056665, 15.779958510381386, 12.913898095113444, 10.663188730998517, 10.95229656747789, 13.285636583929302, 14.636449590265322, 13.49647454774622, 11.343972058116758, 10.295320612958502, 10.65697768605524, 11.395269459730606, 11.84194149777454, 11.788420045121109, 11.1799663671547, 10.27036989847708, 9.845910998565598, 10.277410506784438, 10.910726975462433, 10.958650876893639, 10.437782811774161, 9.972377124770219, 9.88556373617409, 10.041545563595118, 10.263756426563006, 10.385006760909336, 10.225665963993674, 9.896401359706337, 9.75038196746792, 9.892942759509419, 10.080508777883278, 10.066618634818672, 9.903504901608397, 9.7580018757719, 9.71323371175525, 9.735569579089342, 9.785796067811605, 9.735738674344844, 9.735738674344844]
loss_contour_history = [10.726334659381992, 11.378747094415726, 10.759778046331814, 10.134633710902646, 10.607624562916843, 10.60708233429448, 10.288678827992776, 10.074627674987903, 10.133676893351932, 10.30021661456978, 10.357036607679245, 10.2605953569253, 10.105617411307733, 10.040814562757355, 10.109083616648803, 10.119818814026932, 10.055587353784968, 9.976443873202482, 9.97557306253225, 10.01894991371362, 9.987092131721871, 9.895176848080663, 9.805640533026933, 9.801766188285697, 9.814776056536168, 9.809983501247867, 9.785596708197314, 9.758322797425805, 9.764184192190212, 9.756281142760631, 9.740917085877122, 9.742499951293748, 9.741089746918338, 9.732497274839162, 9.736292169950598, 9.746719677608649, 9.754252946600758, 9.748648868623777, 9.730788066168476, 9.73649946478507, 9.741947939202031, 9.720079393463699, 9.687064961379086, 9.674458038088993, 9.639268262384387, 9.59791248363464, 9.55157758638438, 9.55157758638438]
loss_tip_distance_history = [11.388310803328748, 1.9705657586764953, 3.08632947631489, 6.158322324379776, 4.526739335969159, 1.1519287530051503, 0.18086037272105307, 1.4787170322683794, 2.5367874369416916, 2.475923851495629, 1.807640634234047, 0.8844342460627146, 0.18585710656359422, 0.3038273349068449, 1.0588509890934996, 1.505543592079463, 1.1469623979870835, 0.45584272830475875, 0.10658251680875072, 0.21267592411387393, 0.46939244266957814, 0.648921549897959, 0.6609265040313919, 0.4594000596230011, 0.15186461398030376, 0.011975832439243966, 0.16393793286237457, 0.3841347260122091, 0.39815556156780885, 0.22716722300451006, 0.07715334629769913, 0.04768792829344727, 0.10015193889226011, 0.1770863839079481, 0.21623819698624622, 0.15964876212834178, 0.04738280436852632, 0.0005776996147147076, 0.05405156444698091, 0.11466977103273644, 0.10822356520554709, 0.06114183604823225, 0.023645638130937854, 0.012925224555418576, 0.03210043890165128, 0.06262786139232128, 0.061387029320155106, 0.061387029320155106]
