p_start = [0.0200009997934103, 0.002001000102609396, 9.999999974752427e-07]
para_init = [0.01951158419251442, 0.0015115843852981925, 0.5079298615455627, -0.10438369959592819, -0.12238369882106781, 0.9846826195716858]
gt_path = E:/OneDrive - UC San Diego/UCSD/Lab/Catheter/diff_catheter/results\EXP001\D00_0018\images\000.png
learning_rate = 0.004
loss_history = [42.34654168429448, 15.294887178315832, 24.40467453362499, 26.67141245427633, 19.526713915398215, 12.403592767414853, 12.266643756275752, 17.345239772562476, 19.16903379380146, 15.85748875483895, 11.960638892371676, 10.868981191922554, 12.112237768899483, 13.55163888027581, 13.9641625517819, 12.987356218636105, 11.222451327096412, 10.263683144452658, 10.92029267219259, 12.013860135283814, 12.131052674171723, 11.231753328445885, 10.374129788276955, 10.138161111733142, 10.429651878433857, 10.863228181359613, 11.030999680406353, 10.67810708104728, 10.075735297724554, 9.813365170102928, 10.073054129758066, 10.292082218728407, 10.21135272329223, 9.940954911842157, 9.77166708332712, 9.76344321982983, 9.887127287413483, 9.993886874872764, 9.880251750169737, 9.619262340926507, 9.521122385311221, 9.624691344460206, 9.717475460204838, 9.68692966084909, 9.582847041818674, 9.547443689462517, 9.564588577957968, 9.617700968244298, 9.625553366999506, 9.625553366999506]
loss_contour_history = [11.339858706195994, 11.319842744743667, 11.164430896712418, 10.483501868455944, 10.55352609866192, 10.964664713312509, 11.019181485415519, 10.960766773113692, 10.686171733561103, 10.340849848495727, 10.194028863032477, 10.313617572714037, 10.503559995961869, 10.40987737890103, 10.182590202653197, 10.034765107600744, 10.047142108393778, 10.217715362128844, 10.377575759944202, 10.290627355554381, 10.063013286964413, 9.862413387611477, 9.860952627857808, 9.979629012205065, 10.080980460449233, 10.058876160880256, 9.963932746417932, 9.888453639492592, 9.849369672060607, 9.80847633632272, 9.791256754998209, 9.709286254969182, 9.656919761380072, 9.621861910750827, 9.651947926147795, 9.696243878378858, 9.705668150892672, 9.659930649043238, 9.578085075702393, 9.508961537633677, 9.512338147013306, 9.543600640596678, 9.544028584566975, 9.508436359999537, 9.469842179703933, 9.516428468522326, 9.556220034836205, 9.543977465278877, 9.502940573384397, 9.502940573384397]
loss_tip_distance_history = [10.335560992699497, 1.3250148111907214, 4.413414545637524, 5.395970195273461, 2.9910626055787652, 0.47964268470078153, 0.4158207569534109, 2.128157666482928, 2.8276206867467866, 1.838879635447741, 0.5888700097797329, 0.18512120640283936, 0.536225924312538, 1.0472538337915933, 1.2605241163762348, 0.9841970370117865, 0.39176973956754424, 0.015322594107938117, 0.18090563741612908, 0.5744109265764776, 0.6893464624024368, 0.45644664694480275, 0.17105905347304876, 0.05284403317602572, 0.11622380599487485, 0.26811734015978583, 0.35568897799614013, 0.2632178138515627, 0.07545520855464893, 0.0016296112600693619, 0.09393245825328593, 0.19426532125307455, 0.18481098730405232, 0.10636433369711006, 0.03990638572644174, 0.02239978048365722, 0.060486378840270236, 0.11131874194317537, 0.10072222482244807, 0.03676693443094345, 0.0029280794326385917, 0.02703023462117614, 0.05781562521262094, 0.059497766949851184, 0.0376682873715799, 0.010338406980063327, 0.002789514373921143, 0.024574500988473875, 0.0408709312050364, 0.0408709312050364]
