p_start = [0.0200009997934103, 0.002001000102609396, 9.999999974752427e-07]
para_init = [0.01951158419251442, 0.0015115843852981925, 0.5079298615455627, -0.10438369959592819, -0.12238369882106781, 0.9846826195716858]
gt_path = E:/OneDrive - UC San Diego/UCSD/Lab/Catheter/diff_catheter/results\EXP007\D00_0031\images\000.png
learning_rate = 0.004
loss_history = [79.5110305148343, 23.693815024066286, 19.650208864537326, 27.834758203520565, 33.136079537470394, 31.258568227449004, 22.58303364819473, 13.39945536313146, 10.354081368931013, 14.383284161736436, 20.28816319008723, 21.984562144667862, 18.56678983486602, 13.399117413188286, 10.240356853309192, 10.518472267455332, 12.61634624701476, 14.363222345590074, 14.597596433824181, 13.52297794483924, 11.931863390324747, 10.63440126312345, 10.062179967860025, 10.413360082015508, 11.401177113062003, 12.135154749036566, 11.890169055902998, 10.826582072035032, 9.802960694527444, 9.529522705169814, 10.033265091267163, 10.675767018530745, 10.846362780292914, 10.473968064076201, 9.940021198846757, 9.614197058080567, 9.607324392726323, 9.842685249394762, 10.052635502197468, 10.062663833647541, 9.896297746925361, 9.62051076958613, 9.450329471840936, 9.532705761100425, 9.698724637399874, 9.795966292225211, 9.719096429238995, 9.531515719002604, 9.425826279643475, 9.485270238053518, 9.555235821358668, 9.604178419830262, 9.573636533844267, 9.488052473495243, 9.446355797315062, 9.43580453139446, 9.472436328186147, 9.522583364299157, 9.522583364299157]
loss_contour_history = [10.543398365277948, 10.133945457839129, 9.7561950512595, 9.783206799635671, 9.99204006054388, 9.83164786082441, 9.832935526835652, 9.888379556346223, 9.740622353473071, 9.567161046633537, 9.676051701305095, 9.845284072588605, 9.86695942897946, 9.701825723063155, 9.505498380980285, 9.572236290347952, 9.67070579695198, 9.688152371722857, 9.581691720249875, 9.463317050771387, 9.418262266572654, 9.497669398040717, 9.540467250100054, 9.523623811685514, 9.54618912522211, 9.586551732515467, 9.579369499319982, 9.55208842196203, 9.540590295117244, 9.498108089028541, 9.442806486787497, 9.411272523321928, 9.430000099382521, 9.473637347028545, 9.500153423784536, 9.483982134027924, 9.455360437661254, 9.485701187316929, 9.496938222973444, 9.456622652334246, 9.445513314374407, 9.434064821515275, 9.424838576620276, 9.440713846591542, 9.421197377273508, 9.428913781666886, 9.44546478059086, 9.427334967464954, 9.409359511125276, 9.430071405677209, 9.412880753716532, 9.424782406109179, 9.431938366311666, 9.418105743919213, 9.428399262691673, 9.417068165175321, 9.405698535862944, 9.410284163018073, 9.410284163018073]
loss_tip_distance_history = [22.989210716518784, 4.519956522075719, 3.298004604425942, 6.017183801294965, 7.714679825642172, 7.142306788874864, 4.250032707119692, 1.1703586022617458, 0.20448633848598055, 1.6053743717009663, 3.537370496260711, 4.046426024026419, 2.8999434686288548, 1.2324305633750434, 0.24495282410963587, 0.31541199236912654, 0.981880150020927, 1.558356657955739, 1.6719682378581022, 1.3532202980226182, 0.8378670412506978, 0.3789106216942446, 0.17390423925332382, 0.2965787567766646, 0.6183293292799643, 0.8495343388403664, 0.7702665188610055, 0.4248312166910009, 0.0874567998033998, 0.010471538713757826, 0.19681953482655565, 0.421498165069606, 0.47212089363679755, 0.33344357234921906, 0.1466225916874073, 0.04340497468421411, 0.05065465168835642, 0.11899468735927791, 0.18523242640800802, 0.20201372710443133, 0.15026147751698463, 0.0621486493569515, 0.008496965073553206, 0.030663971502960966, 0.09250908670878856, 0.12235083685277537, 0.09121054954937781, 0.03472691717921645, 0.005488922839399694, 0.01839961079210295, 0.047451689214045134, 0.05979867124036115, 0.04723272251086716, 0.02331557652534331, 0.0059855115411298915, 0.006245455406379623, 0.022245930774400718, 0.037433067093694684, 0.037433067093694684]
